(module round_rubber_pad (layer F.Cu) (tedit 5875CBF9)
  (fp_text reference SW11 (at -3.040559 0.070711 90) (layer F.SilkS) hide
    (effects (font (size 1 1) (thickness 0.15)))
  )
  (fp_text value SW_PUSH (at 0 -3) (layer F.Fab)
    (effects (font (size 1 1) (thickness 0.15)))
  )
  (fp_line (start 0.889 -1.5875) (end -0.5715 -1.5875) (layer F.Paste) (width 0.15))
  (fp_line (start 0.889 -1.5875) (end -0.5715 -1.5875) (layer F.Mask) (width 0.15))
  (fp_line (start 0.889 -1.5875) (end -0.5715 -1.5875) (layer F.Cu) (width 0.15))
  (fp_arc (start 0 0) (end 0.0635 1.905) (angle 90) (layer F.Paste) (width 0.15))
  (fp_arc (start 0 0) (end -1.651 0.9525) (angle 90) (layer F.Paste) (width 0.15))
  (fp_arc (start 0 0) (end 1.8415 -0.508) (angle 90) (layer F.Paste) (width 0.15))
  (fp_line (start -1.524 1.0795) (end 1.143 1.0795) (layer F.Paste) (width 0.15))
  (fp_line (start 1.7145 0.6985) (end -1.4605 0.6985) (layer F.Paste) (width 0.15))
  (fp_line (start -1.8415 0.3175) (end 1.4605 0.3175) (layer F.Paste) (width 0.15))
  (fp_line (start 1.905 -0.0635) (end -1.524 -0.0635) (layer F.Paste) (width 0.15))
  (fp_line (start -1.778 -0.4445) (end 1.4605 -0.4445) (layer F.Paste) (width 0.15))
  (fp_line (start 1.651 -0.8255) (end -1.3335 -0.8255) (layer F.Paste) (width 0.15))
  (fp_line (start -1.397 -1.2065) (end 1.0795 -1.2065) (layer F.Paste) (width 0.15))
  (fp_arc (start 0.127 0) (end 0.635 -1.7145) (angle 90) (layer F.Paste) (width 0.15))
  (fp_line (start 1.143 1.4605) (end -0.635 1.4605) (layer F.Paste) (width 0.15))
  (fp_line (start 1.143 1.4605) (end -0.635 1.4605) (layer F.Cu) (width 0.15))
  (fp_arc (start 0.127 0) (end 0.635 -1.7145) (angle 90) (layer F.Cu) (width 0.15))
  (fp_line (start -1.397 -1.2065) (end 1.0795 -1.2065) (layer F.Cu) (width 0.15))
  (fp_line (start 1.651 -0.8255) (end -1.3335 -0.8255) (layer F.Cu) (width 0.15))
  (fp_line (start -1.778 -0.4445) (end 1.4605 -0.4445) (layer F.Cu) (width 0.15))
  (fp_line (start 1.905 -0.0635) (end -1.524 -0.0635) (layer F.Cu) (width 0.15))
  (fp_line (start -1.8415 0.3175) (end 1.4605 0.3175) (layer F.Cu) (width 0.15))
  (fp_line (start 1.7145 0.6985) (end -1.4605 0.6985) (layer F.Cu) (width 0.15))
  (fp_line (start -1.524 1.0795) (end 1.143 1.0795) (layer F.Cu) (width 0.15))
  (fp_arc (start 0 0) (end 1.8415 -0.508) (angle 90) (layer F.Cu) (width 0.15))
  (fp_arc (start 0 0) (end -1.651 0.9525) (angle 90) (layer F.Cu) (width 0.15))
  (fp_arc (start 0 0) (end 0.0635 1.905) (angle 90) (layer F.Cu) (width 0.15))
  (pad 1 smd rect (at -1.9685 0) (size 0.254 0.508) (layers F.Cu F.Paste F.Mask))
  (pad 2 smd rect (at 1.9685 -0.0635) (size 0.254 0.508) (layers F.Cu F.Paste F.Mask))
)
